total picks loaded: 4776

=== scheme: (i) current (2025H1 / 2025H2 / 2026P) ===
strategy,2025H1_bets,2025H1_ret%,2025H1_lo%,2025H2_bets,2025H2_ret%,2025H2_lo%,2026P_bets,2026P_ret%,2026P_lo%,min_ret%,min_lo%,robust
dm_rank_1_3,377,82.8,55.1,447,71.7,51.0,374,77.2,55.4,71.7,51.0,n
tm_rank_1_3,382,88.3,67.3,437,71.1,54.7,358,68.7,52.0,68.7,52.0,n
kelly_ge_05,667,69.4,41.6,653,68.2,42.8,626,63.3,34.7,63.3,34.7,n
ev_ge_105,852,74.9,49.2,830,68.7,42.7,764,62.6,39.7,62.6,39.7,n
all,1740,74.9,49.6,1728,90.8,59.4,1308,54.5,39.1,54.5,39.1,n

=== scheme: (ii) quarterly (2025Q1-Q4 / 2026Q1-Q2) ===
strategy,2025Q1_bets,2025Q1_ret%,2025Q1_lo%,2025Q2_bets,2025Q2_ret%,2025Q2_lo%,2025Q3_bets,2025Q3_ret%,2025Q3_lo%,2025Q4_bets,2025Q4_ret%,2025Q4_lo%,2026Q1_bets,2026Q1_ret%,2026Q1_lo%,2026Q2_bets,2026Q2_ret%,2026Q2_lo%,min_ret%,min_lo%,robust
dm_rank_1_3,184,62.1,41.7,193,102.4,53.5,250,68.4,49.0,197,75.9,39.1,191,85.9,48.3,183,68.1,44.0,62.1,39.1,n
tm_rank_1_3,196,102.0,71.4,186,73.8,47.7,240,82.0,56.8,197,57.9,37.9,196,81.9,56.5,162,52.7,32.7,52.7,32.7,n
kelly_ge_05,331,81.1,41.0,336,57.8,23.8,363,72.7,32.4,290,62.6,28.9,346,42.1,22.8,280,89.4,36.9,42.1,22.8,n
ev_ge_105,436,99.4,57.5,416,49.1,21.6,467,78.0,38.4,363,56.8,32.6,445,41.9,24.9,319,91.4,43.4,41.9,21.6,n
all,876,92.3,51.3,864,57.3,35.4,888,68.8,42.7,840,114.1,56.9,900,41.0,28.4,408,84.1,44.1,41.0,28.4,n

=== scheme: (iii) reverse order (sanity check) ===
strategy,2026P_bets,2026P_ret%,2026P_lo%,2025H2_bets,2025H2_ret%,2025H2_lo%,2025H1_bets,2025H1_ret%,2025H1_lo%,min_ret%,min_lo%,robust
dm_rank_1_3,374,77.2,55.4,447,71.7,51.0,377,82.8,55.1,71.7,51.0,n
tm_rank_1_3,358,68.7,52.0,437,71.1,54.7,382,88.3,67.3,68.7,52.0,n
kelly_ge_05,626,63.3,34.7,653,68.2,42.8,667,69.4,41.6,63.3,34.7,n
ev_ge_105,764,62.6,39.7,830,68.7,42.7,852,74.9,49.2,62.6,39.7,n
all,1308,54.5,39.1,1728,90.8,59.4,1740,74.9,49.6,54.5,39.1,n

=== scheme: (iv) rolling_12m ===
strategy,2025_all_bets,2025_all_ret%,2025_all_lo%,2025-06_to_2026-05_bets,2025-06_to_2026-05_ret%,2025-06_to_2026-05_lo%,min_ret%,min_lo%,robust
dm_rank_1_3,824,76.8,60.5,887,79.0,61.1,76.8,60.5,n
tm_rank_1_3,819,79.1,65.8,853,68.4,57.8,68.4,57.8,n
kelly_ge_05,1320,68.8,49.0,1396,61.5,43.3,61.5,43.3,n
ev_ge_105,1682,71.8,53.3,1730,61.9,45.4,61.9,45.4,n
all,3468,82.9,61.9,3324,72.7,53.2,72.7,53.2,n

=== U1-e (fold selection bias) verdict per N8 rubric ===
strategy: dm_rank_1_3
  current scheme 2026P return_rate: 77.2%
  quarterly 2026Q2: 68.1%, 2025Q1-Q4 mean: 77.2%
  rolling 2025_all: 76.8%, 2025-06_to_2026-05: 79.0%
